[havana.jpg]
filters=autocolor=1;autolight=1;fill=1,0.130841;radblur=1,0.500000,0.500000,-1.000000,-0.578947;
moddate=0000a86f0cd10000
width=500
height=333
textactive=0
[stanford-sky.jpg]
filters=finetune2=1,0.064327,0.199298,0.112281,00000000,1.000000;warm=1;radblur=1,0.500000,0.500000,-1.000000,-0.929825;
moddate=0000aa8a10d10000
width=1666
height=670
textactive=0
