[havana.jpg]
filters=autocolor=1;autolight=1;fill=1,0.130841;radblur=1,0.500000,0.500000,-1.000000,-0.578947;
moddate=0000a86f0cd10000
width=500
height=333
textactive=0
